Diameter Average-Path-Length nodes initial links
1 1 1 2 1
1 1 2 2 1
2 1.3333333333333333 3 2 1
3 1.6666666666666667 4 2 1
2 1.6 5 2 1
4 2.1333333333333333 6 2 1
4 2.2857142857142856 7 2 1
5 2.5357142857142856 8 2 1
4 2.111111111111111 9 2 1
5 2.577777777777778 10 2 1
4 2.5454545454545454 11 2 1
7 3.106060606060606 12 2 1
6 2.7948717948717947 13 2 1
6 3 14 2 1
6 3.066666666666667 15 2 1
5 2.425 16 2 1
8 3.588235294117647 17 2 1
6 3.0718954248366015 18 2 1
7 3.4853801169590644 19 2 1
5 2.763157894736842 20 2 1
7 3.4285714285714284 21 2 1
7 3.761904761904762 22 2 1
6 3.2964426877470356 23 2 1
9 4.050724637681159 24 2 1
6 3 25 2 1
7 3.4 26 2 1
7 3.156695156695157 27 2 1
6 3.1693121693121693 28 2 1
10 4.275862068965517 29 2 1
9 3.8505747126436782 30 2 1
6 2.8774193548387097 31 2 1
8 3.7641129032258065 32 2 1
6 2.8143939393939394 33 2 1
9 3.8698752228163995 34 2 1
7 3.411764705882353 35 2 1
8 3.5873015873015874 36 2 1
7 3.798798798798799 37 2 1
8 3.941678520625889 38 2 1
9 4.3076923076923075 39 2 1
7 3.26025641025641 40 2 1
9 4.417073170731707 41 2 1
8 3.800232288037166 42 2 1
10 4.03765227021041 43 2 1
9 3.7431289640591965 44 2 1
8 3.597979797979798 45 2 1
8 3.7304347826086954 46 2 1
8 4.177613320999075 47 2 1
9 4.3129432624113475 48 2 1
10 3.8758503401360542 49 2 1
10 4.173061224489796 50 2 1
7 3.44 51 2 1
8 3.419306184012066 52 2 1
9 4.322206095791001 53 2 1
9 4.473794549266247 54 2 1
6 3.0855218855218856 55 2 1
8 4.02012987012987 56 2 1
7 3.773182957393484 57 2 1
9 4.090139140955838 58 2 1
8 4.213909994155465 59 2 1
10 4.36045197740113 60 2 1
9 4.479781420765027 61 2 1
11 4.720782654680064 62 2 1
11 5.211469534050179 63 2 1
8 4.138888888888889 64 2 1
10 4.0875 65 2 1
8 4.094172494172494 66 2 1
10 4.9389416553595655 67 2 1
8 4.2388059701492535 68 2 1
12 5.374254049445866 69 2 1
10 4.54120082815735 70 2 1
10 4.421730382293762 71 2 1
9 4.846635367762128 72 2 1
9 4.71765601217656 73 2 1
9 4.052573121066271 74 2 1
8 4.30054054054054 75 2 1
10 4.726315789473684 76 2 1
9 3.868762816131237 77 2 1
9 4.453879453879454 78 2 1
9 3.9396299902629015 79 2 1
8 4.151582278481013 80 2 1
12 4.36358024691358 81 2 1
9 4.766335441132189 82 2 1
9 4.474875110196885 83 2 1
10 4.440045897877223 84 2 1
13 5.63249299719888 85 2 1
12 5.661833105335157 86 2 1
11 5.437583533814488 87 2 1
8 4.320271682340648 88 2 1
9 4.6496424923391215 89 2 1
11 4.355056179775281 90 2 1
12 4.868376068376068 91 2 1
10 4.753941710463449 92 2 1
11 4.982702197288453 93 2 1
8 3.55044612216884 94 2 1
10 4.563493840985442 95 2 1
10 4.6078947368421055 96 2 1
10 5.2646048109965635 97 2 1
10 4.629076372817168 98 2 1
11 4.9313543599257885 99 2 1
10 4.847272727272728 100 2 1
12 5.4760396039603965 101 2 1
10 4.791690933799262 102 2 1
11 5.136112697506187 103 2 1
9 4.358476474981329 104 2 1
10 4.728205128205128 105 2 1
8 3.930278526504942 106 2 1
12 5.728795626873567 107 2 1
10 4.652301834544825 108 2 1
10 4.917770981991166 109 2 1
8 3.8517097581317765 110 2 1
9 5.0001638001638 111 2 1
10 5.059523809523809 112 2 1
11 5.302781289506953 113 2 1
12 4.706256792423536 114 2 1
10 4.947673531655225 115 2 1
11 5.071664167916042 116 2 1
12 4.659888004715591 117 2 1
12 5.232507605388961 118 2 1
9 4.112804443811423 119 2 1
10 5.400560224089636 120 2 1
11 5.04573002754821 121 2 1
11 5.0888768459558325 122 2 1
10 4.613354658136745 123 2 1
9 4.509047993705743 124 2 1
12 5.50941935483871 125 2 1
10 4.705523809523809 126 2 1
12 4.891638545181852 127 2 1
11 5.482160433070866 128 2 1
10 4.520833333333333 129 2 1
11 4.810375670840787 130 2 1
10 5.188960657662948 131 2 1
11 5.231667823270877 132 2 1
9 4.113465481886535 133 2 1
8 4.419593760520705 134 2 1
13 5.7693753454947485 135 2 1
9 4.207080610021786 136 2 1
10 4.969300128810648 137 2 1
10 5.03416904686343 138 2 1
11 4.927536231884058 139 2 1
10 4.800411099691675 140 2 1
10 5.278824721377913 141 2 1
10 4.662271501348517 142 2 1
9 4.557667684428248 143 2 1
9 4.762334887334887 144 2 1
11 5.222030651340996 145 2 1
13 4.995370807746812 146 2 1
10 4.498369210697978 147 2 1
12 5.321566464423607 148 2 1
11 5.079811354979141 149 2 1
12 6.082058165548099 150 2 1
11 4.527858719646799 151 2 1
13 5.307249912861624 152 2 1
9 5.020639834881321 153 2 1
11 5.00585688820983 154 2 1
9 4.198240469208211 155 2 1
10 4.616294458229942 156 2 1
11 5.20921117099461 157 2 1
14 6.032814641618963 158 2 1
11 5.570257145131757 159 2 1
10 5.0746069182389935 160 2 1
12 5.570496894409938 161 2 1
11 5.5603864734299515 162 2 1
9 4.643641596606832 163 2 1
10 4.367649259314679 164 2 1
12 5.442128603104213 165 2 1
11 4.927637824023366 166 2 1
10 4.421470312387274 167 2 1
14 6.065654405474765 168 2 1
10 4.945759368836292 169 2 1
11 5.119596240863209 170 2 1
12 4.972273821809425 171 2 1
11 5.12953896368829 172 2 1
10 4.822153515257427 173 2 1
10 4.8721015214935885 174 2 1
12 5.519343185550082 175 2 1
12 5.620844155844156 176 2 1
11 5.316127375449409 177 2 1
12 5.496286421633974 178 2 1
9 4.280836105705856 179 2 1
11 5.296151458721291 180 2 1
10 4.867403314917127 181 2 1
11 4.848460931333859 182 2 1
13 5.3652795292139555 183 2 1
11 5.334818246614398 184 2 1
9 3.9930669800235017 185 2 1
9 4.606044754431851 186 2 1
9 4.94370651486401 187 2 1
11 5.563943565820913 188 2 1
11 4.597771023302938 189 2 1
9 4.6002784739626845 190 2 1
10 5.518545053733811 191 2 1
10 5.299574607329843 192 2 1
13 5.433937823834197 193 2 1
11 4.756583515837829 194 2 1
14 5.718107322231034 195 2 1
15 5.577551020408163 196 2 1
12 5.459546255050244 197 2 1
11 4.826949700046146 198 2 1
12 5.138419369575148 199 2 1
12 5.401608040201005 200 2 1
11 5.263980099502487 201 2 1
11 5.36022856016945 202 2 1
13 5.113495586011803 203 2 1
10 5.250893460832609 204 2 1
12 5.2982305117168815 205 2 1
12 5.4436656405399 206 2 1
13 5.777965386238919 207 2 1
12 5.674702712746191 208 2 1
13 5.720003680529996 209 2 1
11 5.444064707222602 210 2 1
12 5.465493116677951 211 2 1
13 6.1134758114995975 212 2 1
12 5.644078306315882 213 2 1
12 5.738932034575051 214 2 1
12 5.900456422516844 215 2 1
11 4.981352282515073 216 2 1
12 5.69184161119645 217 2 1
13 6.049126960639242 218 2 1
12 4.895479870973148 219 2 1
12 5.730469074304691 220 2 1
10 5.328259975318799 221 2 1
12 5.868941339529575 222 2 1
11 5.8308083868621985 223 2 1
10 4.880885650224215 224 2 1
10 5.292301587301587 225 2 1
12 5.3498525073746315 226 2 1
10 4.983587384507427 227 2 1
12 5.03644021949146 228 2 1
13 5.7787481804949055 229 2 1
10 5.5281184735143345 230 2 1
11 5.2528514963297575 231 2 1
12 5.965815793402 232 2 1
11 5.594864584874944 233 2 1
10 4.534903341770295 234 2 1
13 5.623422440443717 235 2 1
13 5.986512802019473 236 2 1
12 5.264893084459701 237 2 1
12 5.722830904513704 238 2 1
12 5.461551984810661 239 2 1
10 4.982845188284519 240 2 1
12 5.901106500691563 241 2 1
10 5.1421761942320225 242 2 1
11 5.542019521817502 243 2 1
11 5.3267557174661 244 2 1
11 5.54339243894279 245 2 1
11 5.206072672971628 246 2 1
11 5.466377011948257 247 2 1
11 5.027099386182578 248 2 1
14 5.534978624174116 249 2 1
14 6.258441767068273 250 2 1
12 5.590565737051793 251 2 1
12 5.490419275279833 252 2 1
11 5.437731350774829 253 2 1
13 6.11767451993402 254 2 1
12 5.471360197622356 255 2 1
9 4.567738970588235 256 2 1
13 5.4403574902723735 257 2 1
11 5.741139565046904 258 2 1
13 6.061416898626201 259 2 1
12 6.147609147609147 260 2 1
13 5.763395225464191 261 2 1
12 5.752771197098651 262 2 1
12 5.599628479377703 263 2 1
10 4.884836962783731 264 2 1
13 5.427672955974843 265 2 1
13 5.49936161157611 266 2 1
13 5.8628593956802115 267 2 1
14 6.310553971714461 268 2 1
10 5.351439826887866 269 2 1
10 5.156546881453945 270 2 1
13 5.567910345770124 271 2 1
11 5.641550900803126 272 2 1
14 5.947478991596639 273 2 1
9 4.740488222240047 274 2 1
12 5.396735235567353 275 2 1
14 5.8766534914361 276 2 1
14 5.924710929733689 277 2 1
12 5.384905072332026 278 2 1
10 4.942213970758877 279 2 1
14 5.923451100870456 280 2 1
11 5.164972038637519 281 2 1
14 6.131748315287347 282 2 1
12 5.78663258401624 283 2 1
14 5.701388543273777 284 2 1
14 6.381319495922906 285 2 1
12 5.412121212121212 286 2 1
13 6.347993469944689 287 2 1
13 6.336938637243516 288 2 1
12 6.208189158016148 289 2 1
12 5.904378952392316 290 2 1
13 5.65085910652921 291 2 1
12 5.828531751635833 292 2 1
12 6.014306419187433 293 2 1
12 5.655174014998491 294 2 1
12 5.54299550328606 295 2 1
13 5.642098030233623 296 2 1
12 5.261716261716262 297 2 1
11 4.786952297019411 298 2 1
10 5.325537024982604 299 2 1
12 6.034069119286511 300 2 1
15 6.2457142857142856 301 2 1
14 5.53002134166465 302 2 1
13 5.717657858501082 303 2 1
12 5.683537432690637 304 2 1
13 5.88421052631579 305 2 1
11 5.825650916104147 306 2 1
11 5.585999872261608 307 2 1
13 5.769258428867549 308 2 1
13 6.339973941915689 309 2 1
12 5.7844242614051575 310 2 1
14 6.1756249351727 311 2 1
14 6.360726358314783 312 2 1
11 5.349102973703613 313 2 1
11 5.95221912455994 314 2 1
13 6.188130623799414 315 2 1
11 5.702772754671489 316 2 1
15 5.994848859960867 317 2 1
16 7.097394996329584 318 2 1
12 5.339524063011376 319 2 1
15 6.209110501567398 320 2 1
11 5.682048286604362 321 2 1
13 6.098140515856891 322 2 1
13 6.05534296098302 323 2 1
12 5.468352253181974 324 2 1
15 7.303019943019943 325 2 1
14 7.020500235960359 326 2 1
13 5.79452543104257 327 2 1
14 6.0730588498545535 328 2 1
13 5.702757802654014 329 2 1
15 6.065137699180252 330 2 1
13 6.03607067655406 331 2 1
12 5.610544898627744 332 2 1
12 5.655812438944969 333 2 1
12 5.939832047616479 334 2 1
11 5.995102332648137 335 2 1
17 6.499609097370292 336 2 1
11 5.363254203758655 337 2 1
12 5.815163380331151 338 2 1
11 5.21956328219092 339 2 1
14 5.701231997223668 340 2 1
12 5.305606348111092 341 2 1
14 5.929550170636758 342 2 1
11 5.4335839598997495 343 2 1
13 5.7994101295003055 344 2 1
12 5.725446579036063 345 2 1
13 6.041936835050683 346 2 1
13 6.030251036964235 347 2 1
14 5.622610884759349 348 2 1
15 5.695715179659454 349 2 1
15 6.384297994269341 350 2 1
17 6.751029711029711 351 2 1
15 6.8270040145040145 352 2 1
13 6.000128766417718 353 2 1
15 6.484899409420464 354 2 1
10 5.55664836476486 355 2 1
15 6.956860262699794 356 2 1
14 6.444496899883549 357 2 1
12 5.579143389199255 358 2 1
14 6.33233220771541 359 2 1
12 6.034401114206128 360 2 1
13 5.877346875961835 361 2 1
12 5.600250990955143 362 2 1
12 6.049678096890553 363 2 1
13 5.8160627251536345 364 2 1
13 6.148457022429625 365 2 1
13 5.2181600419193055 366 2 1
12 6.4031208588317625 367 2 1
15 7.205233384670063 368 2 1
11 5.619889242370685 369 2 1
11 5.674401230498791 370 2 1
15 6.929554891819043 371 2 1
13 5.939222676289019 372 2 1
12 5.9902274496238 373 2 1
15 6.229989534200227 374 2 1
13 6.458780748663101 375 2 1
11 5.733872340425532 376 2 1
11 5.268666403295897 377 2 1
12 5.624507038300142 378 2 1
14 6.067875640435007 379 2 1
12 5.48794611859464 380 2 1
13 5.743030805359856 381 2 1
11 5.254991686248643 382 2 1
14 6.33568001312318 383 2 1
13 6.053035248041775 384 2 1
15 5.674945887445888 385 2 1
14 6.181495188749075 386 2 1
14 7.061734345503474 387 2 1
12 5.790977383521138 388 2 1
14 6.692656295550314 389 2 1
11 5.713295102498187 390 2 1
11 5.67258180864319 391 2 1
15 6.798619447779112 392 2 1
15 7.1227865191878275 393 2 1
11 5.89155397114478 394 2 1
14 6.734511341001093 395 2 1
10 5.258381281166091 396 2 1
12 5.717044500419815 397 2 1
14 6.526676202169538 398 2 1
13 6.083626150804146 399 2 1
14 6.4638471177944865 400 2 1
11 5.67426433915212 401 2 1
14 6.453195369784494 402 2 1
15 6.681505623248522 403 2 1
15 6.089882809620913 404 2 1
13 5.720303141425253 405 2 1
14 6.5181414583713435 406 2 1
13 6.2893937376696 407 2 1
14 6.011598496892614 408 2 1
13 6.038832158780383 409 2 1
14 6.249460313674041 410 2 1
15 6.647130734081063 411 2 1
12 6.1791510169371415 412 2 1
12 6.314511389548414 413 2 1
10 5.836719654700495 414 2 1
12 5.6 415 2 1
12 5.6103915662650605 416 2 1
12 6.215343110127283 417 2 1
10 5.169047537089945 418 2 1
12 5.9105868381085065 419 2 1
16 6.663859529491988 420 2 1
13 5.798077140594955 421 2 1
13 5.898920421924778 422 2 1
13 6.239073196419168 423 2 1
13 5.998996386993175 424 2 1
14 6.267147613762486 425 2 1
12 5.91863021264844 426 2 1
15 6.1512902551923565 427 2 1
14 6.553098119897569 428 2 1
14 5.7813432673245755 429 2 1
16 6.573274787228276 430 2 1
14 5.9892300221227 431 2 1
13 6.012535447280227 432 2 1
14 6.339534684800274 433 2 1
13 6.260288843243473 434 2 1
16 6.922485301128238 435 2 1
11 5.733755140778235 436 2 1
13 6.319883274200659 437 2 1
14 6.257808010198217 438 2 1
14 6.0935709010723835 439 2 1
13 5.968161109960654 440 2 1
13 6.3203669346526485 441 2 1
13 6.304963010845364 442 2 1
14 5.982186449853426 443 2 1
12 5.693388648241921 444 2 1
12 5.969652798866282 445 2 1
18 6.578616415579181 446 2 1
15 6.505673097180004 447 2 1
14 6.512663790348354 448 2 1
12 5.90228285077951 449 2 1
14 6.198841870824054 450 2 1
13 6.093638827297364 451 2 1
11 5.790632419598532 452 2 1
13 5.956553165719198 453 2 1
14 6.6490844200678785 454 2 1
12 5.62954930532023 455 2 1
13 6.314594177752072 456 2 1
14 6.9901531728665205 457 2 1
13 6.7025885545564865 458 2 1
16 7.359496151687264 459 2 1
13 5.859533958510941 460 2 1
13 6.229482222012638 461 2 1
15 7.127916913166371 462 2 1
11 5.626209643488261 463 2 1
12 5.586448946153273 464 2 1
12 6.466221727845754 465 2 1
14 6.296146568831049 466 2 1
14 6.992215860528807 467 2 1
16 6.963130730796684 468 2 1
11 5.443405682211653 469 2 1
15 6.448995145851291 470 2 1
13 5.707223200975742 471 2 1
13 6.040132786354313 472 2 1
13 5.7209481492098755 473 2 1
17 7.326830269132301 474 2 1
14 6.313142349544748 475 2 1
12 6.098045112781955 476 2 1
11 5.728009442770819 477 2 1
12 6.076401498206187 478 2 1
14 6.323442317939222 479 2 1
14 6.684298886569241 480 2 1
12 5.4334026334026335 481 2 1
13 5.830048049965062 482 2 1
14 6.260783656778606 483 2 1
12 5.553094468114231 484 2 1
12 5.940325466473545 485 2 1
12 5.872928598701795 486 2 1
15 6.930311557279388 487 2 1
13 5.608652842764331 488 2 1
12 5.6825069563176775 489 2 1
14 6.736179625224323 490 2 1
15 6.309273037117087 491 2 1
13 5.8874952395145135 492 2 1
11 5.8554560596315905 493 2 1
10 5.22649892010413 494 2 1
12 5.981302907618697 495 2 1
13 6.23619257086999 496 2 1
12 5.955961575907056 497 2 1
13 6.363296243323394 498 2 1
16 6.962084812194671 499 2 1
13 6.084008016032064 500 2 1
14 6.132758483033932 501 2 1
15 6.818673410151808 502 2 1
11 5.606615288349584 503 2 1
16 7.254851841332955 504 2 1
13 6.346251768033946 505 2 1
14 6.7541110632802415 506 2 1
12 5.916083916083916 507 2 1
14 6.041357995930982 508 2 1
14 6.05039988861903 509 2 1
14 6.878808890943411 510 2 1
14 6.875791412455393 511 2 1
12 6.277359038649706 512 2 1
15 6.011695906432749 513 2 1
15 7.526755713321349 514 2 1
13 6.4591439688715955 515 2 1
13 6.693045834274103 516 2 1
16 6.589177274976384 517 2 1
13 6.182258799280076 518 2 1
12 5.973173834445511 519 2 1
16 7.198132503334816 520 2 1
11 5.640528569319356 521 2 1
17 6.7074297144454 522 2 1
12 6.139220383434797 523 2 1
14 6.883503860581204 524 2 1
16 6.87954925481643 525 2 1
11 5.5802860764077495 526 2 1
12 5.605197653696583 527 2 1
13 6.194569029958024 528 2 1
12 5.776293177521911 529 2 1
15 6.466141170595998 530 2 1
13 5.965092562981914 531 2 1
14 6.973691290372825 532 2 1
13 6.073114305463471 533 2 1
13 6.6385873193217675 534 2 1
13 6.200217018446568 535 2 1
15 6.2835820895522385 536 2 1
12 6.15467355957642 537 2 1
13 5.981378026070764 538 2 1
12 5.736549165120594 539 2 1
14 6.548161891019034 540 2 1
14 6.7682617922913675 541 2 1
14 6.67138891351945 542 2 1
15 6.650438659082724 543 2 1
15 6.685766709998917 544 2 1
13 6.585172692930383 545 2 1
13 6.221648687703733 546 2 1
14 6.87770121408147 547 2 1
14 6.625802319219632 548 2 1
13 6.675335380851714 549 2 1
14 6.32133796986256 550 2 1
13 6.371608645438046 551 2 1
14 6.508265604040085 552 2 1
13 5.998191681735985 553 2 1
15 6.41976485334343 554 2 1
13 6.274667447230624 555 2 1
12 6.357275260872383 556 2 1
14 7.01609340893533 557 2 1
12 5.934924036215517 558 2 1
14 6.5472521976648 559 2 1
11 5.666949910554561 560 2 1
11 5.869569646040234 561 2 1
12 6.045686084203982 562 2 1
14 6.096534199730725 563 2 1
12 5.483409546124485 564 2 1
15 6.550793949664219 565 2 1
13 5.690152912849057 566 2 1
11 5.697509052043799 567 2 1
14 6.3517959609508905 568 2 1
13 6.307136315255328 569 2 1
13 6.297585792248635 570 2 1
13 6.0784834239714876 571 2 1
14 6.38787919611037 572 2 1
12 6.029814862275595 573 2 1
13 6.428188335735265 574 2 1
14 6.540306014240267 575 2 1
14 6.882312801932367 576 2 1
14 5.836859715000963 577 2 1
13 6.68408364467206 578 2 1
14 6.280151316851032 579 2 1
15 7.263015901375737 580 2 1
15 6.772496884088077 581 2 1
14 5.886083361428039 582 2 1
14 6.4484211891331125 583 2 1
12 5.86220893348058 584 2 1
14 6.421941224680951 585 2 1
14 6.750258160497069 586 2 1
14 7.025565291207098 587 2 1
16 7.239740870794655 588 2 1
12 6.159985216497465 589 2 1
14 6.65597536761532 590 2 1
13 6.2445725429464565 591 2 1
13 6.365104952668404 592 2 1
15 6.310924752746001 593 2 1
13 6.610097603352241 594 2 1
15 6.994199700082053 595 2 1
14 6.507292312898314 596 2 1
11 6.042067159061527 597 2 1
15 6.549710649120743 598 2 1
16 6.435463788588562 599 2 1
17 7.643294379521425 600 2 1
12 6.87846921797005 601 2 1
14 6.860481699935324 602 2 1
13 6.640738720572112 603 2 1
17 7.4726752550712225 604 2 1
13 5.816824475945487 605 2 1
14 6.0817990889998095 606 2 1
15 7.12400432794515 607 2 1
13 5.724838506893263 608 2 1
14 6.958084867340766 609 2 1
14 6.299130528412609 610 2 1
13 6.628553030506292 611 2 1
15 6.898831873174802 612 2 1
12 6.163206772649245 613 2 1
15 6.902306699045119 614 2 1
16 7.096930695691322 615 2 1
13 6.164343786295006 616 2 1
11 5.189322023195605 617 2 1
13 6.178302990249301 618 2 1
14 6.429453497916569 619 2 1
13 6.342732815675648 620 2 1
15 6.5024881824320815 621 2 1
15 6.9280177703216985 622 2 1
12 6.965662467161799 623 2 1
16 6.6231530641643 624 2 1
13 6.4678051282051285 625 2 1
13 6.6567821086261985 626 2 1
16 6.569637861717902 627 2 1
13 6.1816404067493576 628 2 1
16 7.353437363928184 629 2 1
14 6.228960052489464 630 2 1
16 7.344260810504868 631 2 1
13 6.201127404762382 632 2 1
14 6.889705441238227 633 2 1
13 6.237868843472324 634 2 1
14 6.644119327355374 635 2 1
15 6.895448917941861 636 2 1
13 5.813443519642981 637 2 1
14 6.524209780367416 638 2 1
15 7.174915743152751 639 2 1
15 6.57331279342723 640 2 1
16 6.956942277691108 641 2 1
12 5.302647246076759 642 2 1
13 6.836131257782106 643 2 1
16 7.139408633830163 644 2 1
15 6.633819635032982 645 2 1
17 7.4533227734178125 646 2 1
15 6.393117077629067 647 2 1
14 6.730971053485222 648 2 1
12 6.105718198938538 649 2 1
12 6.283119592272135 650 2 1
14 5.987106227106227 651 2 1
13 6.617992140454044 652 2 1
13 6.238502804423191 653 2 1
13 6.073024525712894 654 2 1
13 6.922277470411093 655 2 1
14 6.695866691491342 656 2 1
16 6.968955340238334 657 2 1
19 8.278011408585586 658 2 1
14 6.371752355738408 659 2 1
13 6.3403136064744565 660 2 1
13 6.49315545775455 661 2 1
14 6.003501058087399 662 2 1
12 6.198265687869385 663 2 1
13 6.1475767322684405 664 2 1
12 5.765902708578675 665 2 1
12 6.285511074984759 666 2 1
13 5.955463709586648 667 2 1
15 7.064422878381169 668 2 1
13 6.241499064650967 669 2 1
12 5.930183164893024 670 2 1
13 6.386547145049714 671 2 1
18 8.129621744375843 672 2 1
15 7.309116960305667 673 2 1
15 6.906561258548242 674 2 1
15 6.841059457083196 675 2 1
15 6.380565417488494 676 2 1
12 6.221076276297274 677 2 1
14 6.681777580249496 678 2 1
16 6.624864780325049 679 2 1
15 6.644321233648099 680 2 1
14 6.899015288934957 681 2 1
15 6.4052088312426525 682 2 1
12 6.336990077414202 683 2 1
13 6.491377907922564 684 2 1
13 6.281999402398942 685 2 1
14 6.540686514438935 686 2 1
12 6.404912557661867 687 2 1
14 7.039402863816391 688 2 1
13 6.08930198805144 689 2 1
14 5.916674028733094 690 2 1
15 7.18392583737075 691 2 1
14 6.408083283839288 692 2 1
14 5.861788821326393 693 2 1
14 6.182541761792482 694 2 1
17 6.099832065183588 695 2 1
12 6.6970065327048705 696 2 1
13 6.299724599680074 697 2 1
13 6.8843960814460665 698 2 1
14 6.02042213395313 699 2 1
13 6.205330063355815 700 2 1
16 6.492895863052782 701 2 1
16 7.654892684849889 702 2 1
17 7.970391444075655 703 2 1
16 6.764903659640502 704 2 1
14 6.7651998710509345 705 2 1
13 5.643694372450927 706 2 1
15 6.797552600262049 707 2 1
15 6.944361869601003 708 2 1
14 7.583323372618393 709 2 1
15 6.436858102067979 710 2 1
14 6.556914482676651 711 2 1
16 7.160147916370359 712 2 1
14 6.696314039428274 713 2 1
16 7.480456979425711 714 2 1
13 6.387581046404576 715 2 1
14 5.958698284955268 716 2 1
15 6.753979570370024 717 2 1
12 6.385022707583051 718 2 1
14 6.637150793620046 719 2 1
13 6.763637768505641 720 2 1
12 6.050038526737556 721 2 1
17 7.390024627229802 722 2 1
17 7.934920288272549 723 2 1
13 5.974461841773458 724 2 1
16 6.939836159268432 725 2 1
14 6.877780944238625 726 2 1
14 6.65795885578304 727 2 1
16 6.658966549269163 728 2 1
13 6.473462066054658 729 2 1
13 6.45840990660879 730 2 1
16 6.764454772033057 731 2 1
18 7.706708379119852 732 2 1
17 7.222522905344456 733 2 1
14 6.680704506507169 734 2 1
16 7.037075756733211 735 2 1
15 6.825691363501923 736 2 1
16 7.64574361394608 737 2 1
14 6.6741642857405505 738 2 1
13 6.218789765705505 739 2 1
12 5.972596276926453 740 2 1
12 6.413305613305614 741 2 1
16 7.275161779630499 742 2 1
13 6.024610651797731 743 2 1
15 6.987926742789331 744 2 1
12 5.814267157393375 745 2 1
16 7.311952786224517 746 2 1
14 6.434804454637137 747 2 1
13 5.692996585271567 748 2 1
14 6.652749120038839 749 2 1
14 6.592309746328438 750 2 1
13 6.217338659565025 751 2 1
14 6.105033713913364 752 2 1
12 6.1660732954706 753 2 1
14 6.131037300840846 754 2 1
13 7.084708486307025 755 2 1
14 6.126689792914958 756 2 1
13 6.617468005843171 757 2 1
13 6.504191312046232 758 2 1
15 6.642853914851162 759 2 1
14 6.65308577768532 760 2 1
11 5.984909053184867 761 2 1
12 6.296449967407162 762 2 1
17 7.114064870331576 763 2 1
13 6.680346935834711 764 2 1
12 6.172282106559901 765 2 1
15 6.940688407652008 766 2 1
16 7.563032533249819 767 2 1
13 6.049316194046067 768 2 1
15 7.722298981361075 769 2 1
15 7.027149443534359 770 2 1
14 6.121030201964054 771 2 1
13 6.236399803767397 772 2 1
13 6.467909832494353 773 2 1
13 6.231020454553052 774 2 1
13 6.081680420105026 775 2 1
14 6.732417692051879 776 2 1
15 7.122152343801829 777 2 1
14 6.609671368026124 778 2 1
15 6.856117030930829 779 2 1
16 7.026434284585761 780 2 1
17 6.792225614760826 781 2 1
14 6.411499454761585 782 2 1
15 7.79614767779509 783 2 1
12 6.247882294680324 784 2 1
13 6.573124918757312 785 2 1
14 7.105907521758156 786 2 1
15 7.05037003986537 787 2 1
14 6.684340714271893 788 2 1
16 7.4168870188441325 789 2 1
13 6.6634611990823185 790 2 1
15 6.665934804525596 791 2 1
16 7.297258297258297 792 2 1
15 6.302234195676818 793 2 1
16 6.282369981672125 794 2 1
16 7.097229219143577 795 2 1
12 6.007758920388104 796 2 1
14 6.846263942043971 797 2 1
13 6.002207526344091 798 2 1
15 6.738573592931013 799 2 1
17 6.972453066332916 800 2 1
14 6.871092384519351 801 2 1
14 6.467909502149745 802 2 1
15 6.995872709260473 803 2 1
15 6.288551018258644 804 2 1
16 7.858125521461018 805 2 1
15 7.26744755945317 806 2 1
15 7.4776536570516665 807 2 1
13 6.310513207454575 808 2 1
14 6.578822406344466 809 2 1
14 7.018483419554701 810 2 1
14 6.830549085871732 811 2 1
13 6.27424635401165 812 2 1
16 6.815025539417956 813 2 1
13 6.437509633081588 814 2 1
20 7.48987202484135 815 2 1
13 6.932115361482016 816 2 1
16 6.624781001751986 817 2 1
14 6.753262726954419 818 2 1
15 6.992521740688 819 2 1
16 7.066178266178266 820 2 1
16 6.9830129823831735 821 2 1
15 7.0576562319407525 822 2 1
16 7.321265443322011 823 2 1
14 6.660105699017329 824 2 1
15 7.399270373639306 825 2 1
16 7.019751999413017 826 2 1
14 6.556672356397727 827 2 1
14 6.654872684576696 828 2 1
15 6.85682068495306 829 2 1
12 6.282517767087651 830 2 1
15 6.82774998912618 831 2 1
14 6.435865616032584 832 2 1
14 6.552613353033521 833 2 1
13 6.122918232041018 834 2 1
14 7.182745300765376 835 2 1
13 6.74980947196516 836 2 1
15 6.739237307997919 837 2 1
15 6.96148307827421 838 2 1
14 6.7167926358518635 839 2 1
14 6.706793802145411 840 2 1
16 6.5550535077288945 841 2 1
13 6.8658310291164515 842 2 1
13 6.479257712670786 843 2 1
13 6.12045954135816 844 2 1
15 7.400818867607056 845 2 1
16 8.276906290654244 846 2 1
16 6.571143878687399 847 2 1
14 6.382267603751309 848 2 1
13 5.855534813432007 849 2 1
15 6.433406776138017 850 2 1
12 6.133053155457247 851 2 1
13 6.123342877476374 852 2 1
14 6.034311378234236 853 2 1
14 6.582160771598244 854 2 1
13 6.699727460728323 855 2 1
14 6.414622615729354 856 2 1
16 7.308034984023817 857 2 1
13 6.157273298463497 858 2 1
13 6.767032734436692 859 2 1
13 6.04209600129951 860 2 1
15 6.561883153715258 861 2 1
16 7.403728465524629 862 2 1
13 6.197879839657161 863 2 1
15 7.1301553581391355 864 2 1
12 6.101520017126954 865 2 1
14 6.436860724345539 866 2 1
14 6.648228208550096 867 2 1
14 7.701996927803379 868 2 1
14 6.697549490117885 869 2 1
15 6.987521659193418 870 2 1
13 6.873436530873484 871 2 1
15 8.066882419237615 872 2 1
15 7.585269607070421 873 2 1
14 6.543587041711556 874 2 1
16 7.423204968944099 875 2 1
13 6.755118069145467 876 2 1
15 7.042100769018499 877 2 1
16 7.143378103547245 878 2 1
14 6.678960612209464 879 2 1
13 6.536986761816113 880 2 1
15 7.323960375606233 881 2 1
13 6.590351615485392 882 2 1
13 6.988133116591295 883 2 1
14 6.652418995300882 884 2 1
14 6.900641664749342 885 2 1
14 6.488801316141868 886 2 1
14 6.8976767504536305 887 2 1
15 6.914482972262003 888 2 1
19 7.627468863689336 889 2 1
12 5.993945981471417 890 2 1
14 7.023074691988549 891 2 1
14 6.865151263507018 892 2 1
13 6.188501498952992 893 2 1
14 6.7312981153440505 894 2 1
18 6.983535175533976 895 2 1
16 7.615158619313648 896 2 1
14 7.351195453097627 897 2 1
17 8.217262192956973 898 2 1
15 6.932954458182936 899 2 1
14 6.426268693610184 900 2 1
15 7.140550006165989 901 2 1
17 6.844156898838689 902 2 1
16 7.303293038970861 903 2 1
19 7.093679867501642 904 2 1
15 7.054784139246077 905 2 1
14 6.688866122717793 906 2 1
14 6.866534751783407 907 2 1
14 7.126026645425448 908 2 1
14 6.641693684786981 909 2 1
15 6.67996711759088 910 2 1
15 7.099952955935393 911 2 1
15 6.910068461494021 912 2 1
16 7.502632539728292 913 2 1
16 6.952442353459991 914 2 1
15 6.690829955399313 915 2 1
14 7.410227408308875 916 2 1
14 6.932683470401394 917 2 1
16 7.81377419500455 918 2 1
13 6.246881971262692 919 2 1
14 6.683651890050622 920 2 1
16 6.380772317424349 921 2 1
14 6.311997004105224 922 2 1
16 7.665266754875994 923 2 1
13 6.197337873394211 924 2 1
13 6.594922194922195 925 2 1
16 7.597823828147802 926 2 1
15 6.887626077292458 927 2 1
16 7.395645017297177 928 2 1
16 7.1371654726996026 929 2 1
15 7.204361262543839 930 2 1
18 7.236247300278346 931 2 1
14 6.472499458333141 932 2 1
14 7.396289600669767 933 2 1
21 7.753843717510001 934 2 1
14 7.263667281200975 935 2 1
17 7.482698020933315 936 2 1
15 6.807341123242938 937 2 1
16 7.21487849667655 938 2 1
12 6.141288082635658 939 2 1
15 6.082931139963293 940 2 1
17 7.599054875980736 941 2 1
13 6.162911119083236 942 2 1
16 7.298858726609975 943 2 1
14 6.775675359922354 944 2 1
14 7.1833557528472785 945 2 1
14 7.005384968175666 946 2 1
17 7.696663102129569 947 2 1
16 7.309008238318652 948 2 1
14 6.703872163903376 949 2 1
17 8.251597803782374 950 2 1
15 7.485877469699485 951 2 1
13 6.855083989431735 952 2 1
14 6.461876251025069 953 2 1
15 6.801729504752728 954 2 1
17 7.5504977663626285 955 2 1
19 8.44043900194966 956 2 1
15 7.127800877043411 957 2 1
17 7.449111371435178 958 2 1
15 6.403042487281245 959 2 1
13 6.453091327771984 960 2 1
16 6.945208983697538 961 2 1
13 6.866712385963166 962 2 1
14 6.762710949626838 963 2 1
15 7.020423727718101 964 2 1
12 6.280807516178273 965 2 1
15 6.811641403576524 966 2 1
15 6.581084697716144 967 2 1
14 7.000412368490774 968 2 1
14 6.652146286961936 969 2 1
14 6.796282701903333 970 2 1
15 6.77792051981696 971 2 1
14 6.380664793412247 972 2 1
12 6.217134229124637 973 2 1
14 6.788513688902207 974 2 1
16 7.760901384720687 975 2 1
15 6.943911307271963 976 2 1
17 6.5826132187861806 977 2 1
16 7.422638894993857 978 2 1
14 6.775007258773717 979 2 1
15 7.385457880802985 980 2 1
14 6.5208804010901 981 2 1
15 8.035954001797908 982 2 1
16 7.413686437254094 983 2 1
14 6.9499354886733 984 2 1
17 6.804428211794808 985 2 1
18 7.835502105620823 986 2 1
18 8.054078271073653 987 2 1
15 6.414054776876726 988 2 1
14 6.33379318249735 989 2 1
14 6.780292306278151 990 2 1
16 7.956179351537576 991 2 1
12 6.0917857491618115 992 2 1
14 7.109581587239711 993 2 1
17 7.265056603467735 994 2 1
14 6.540590275320263 995 2 1
15 7.122041936590583 996 2 1
17 7.700954268427774 997 2 1
18 8.266476785064613 998 2 1
14 7.03647535310862 999 2 1
