Diameter Average-Path-Length nodes initial rewiring
15 6.130308617234469 0 1 0
14 6.882773547094188 0 1 0.001
15 7.057739478957916 0 1 0.002
12 5.594068136272545 0 1 0.003
13 -1 0 1 0.004
13 -1 0 1 0.005
15 -1 0 1 0.006
13 -1 0 1 0.007
12 -1 0 1 0.008
13 -1 0 1 0.009000000000000001
13 -1 0 1 0.01
12 -1 0 1 0.011
16 -1 0 1 0.012
12 -1 0 1 0.013000000000000001
16 -1 0 1 0.014
14 -1 0 1 0.015
12 -1 0 1 0.016
16 -1 0 1 0.017
12 -1 0 1 0.018000000000000002
12 -1 0 1 0.019
12 -1 0 1 0.02
13 -1 0 1 0.021
11 -1 0 1 0.022
10 -1 0 1 0.023
12 -1 0 1 0.024
11 -1 0 1 0.025
14 -1 0 1 0.026000000000000002
16 -1 0 1 0.027
14 -1 0 1 0.028
12 -1 0 1 0.029
16 -1 0 1 0.03
14 -1 0 1 0.031
13 -1 0 1 0.032
14 -1 0 1 0.033
10 -1 0 1 0.034
11 -1 0 1 0.035
12 -1 0 1 0.036000000000000004
11 -1 0 1 0.037
12 -1 0 1 0.038
12 -1 0 1 0.039
13 -1 0 1 0.04
12 -1 0 1 0.041
12 -1 0 1 0.042
11 -1 0 1 0.043000000000000003
13 -1 0 1 0.044
17 -1 0 1 0.045
14 -1 0 1 0.046
14 -1 0 1 0.047
13 -1 0 1 0.048
10 -1 0 1 0.049
11 -1 0 1 0.05
13 -1 0 1 0.051000000000000004
12 -1 0 1 0.052000000000000005
11 -1 0 1 0.053
13 -1 0 1 0.054
12 -1 0 1 0.055
12 -1 0 1 0.056
14 -1 0 1 0.057
13 -1 0 1 0.058
11 -1 0 1 0.059000000000000004
11 -1 0 1 0.06
12 -1 0 1 0.061
11 -1 0 1 0.062
14 -1 0 1 0.063
14 -1 0 1 0.064
16 -1 0 1 0.065
11 -1 0 1 0.066
13 -1 0 1 0.067
13 -1 0 1 0.068
15 -1 0 1 0.069
13 -1 0 1 0.07
11 -1 0 1 0.07100000000000001
12 -1 0 1 0.07200000000000001
13 -1 0 1 0.073
15 -1 0 1 0.074
13 -1 0 1 0.075
12 -1 0 1 0.076
12 -1 0 1 0.077
11 -1 0 1 0.078
14 -1 0 1 0.079
13 -1 0 1 0.08
14 -1 0 1 0.081
12 -1 0 1 0.082
12 -1 0 1 0.083
11 -1 0 1 0.084
12 -1 0 1 0.085
12 -1 0 1 0.08600000000000001
12 -1 0 1 0.08700000000000001
11 -1 0 1 0.088
11 -1 0 1 0.089
13 -1 0 1 0.09
12 -1 0 1 0.091
12 -1 0 1 0.092
14 -1 0 1 0.093
11 -1 0 1 0.094
11 -1 0 1 0.095
11 -1 0 1 0.096
14 -1 0 1 0.097
13 -1 0 1 0.098
13 -1 0 1 0.099
13 -1 0 1 0.1
13 -1 0 1 0.101
12 -1 0 1 0.10200000000000001
10 -1 0 1 0.10300000000000001
13 -1 0 1 0.10400000000000001
12 -1 0 1 0.105
17 -1 0 1 0.106
11 -1 0 1 0.107
14 -1 0 1 0.108
12 -1 0 1 0.109
13 -1 0 1 0.11
11 -1 0 1 0.111
12 -1 0 1 0.112
11 -1 0 1 0.113
12 -1 0 1 0.114
12 -1 0 1 0.115
11 -1 0 1 0.116
12 -1 0 1 0.117
13 -1 0 1 0.11800000000000001
14 -1 0 1 0.11900000000000001
13 -1 0 1 0.12
13 -1 0 1 0.121
13 -1 0 1 0.122
11 -1 0 1 0.123
14 -1 0 1 0.124
11 -1 0 1 0.125
14 -1 0 1 0.126
14 -1 0 1 0.127
11 -1 0 1 0.128
16 -1 0 1 0.129
12 -1 0 1 0.13
13 -1 0 1 0.131
11 -1 0 1 0.132
15 -1 0 1 0.133
12 -1 0 1 0.134
14 -1 0 1 0.135
12 -1 0 1 0.136
11 -1 0 1 0.137
11 -1 0 1 0.138
11 -1 0 1 0.139
15 -1 0 1 0.14
11 -1 0 1 0.14100000000000001
12 -1 0 1 0.14200000000000002
12 -1 0 1 0.14300000000000002
12 -1 0 1 0.14400000000000002
12 -1 0 1 0.145
12 -1 0 1 0.146
11 -1 0 1 0.147
11 -1 0 1 0.148
10 -1 0 1 0.149
11 -1 0 1 0.15
10 -1 0 1 0.151
11 -1 0 1 0.152
11 -1 0 1 0.153
12 -1 0 1 0.154
12 -1 0 1 0.155
12 -1 0 1 0.156
11 -1 0 1 0.157
11 -1 0 1 0.158
13 -1 0 1 0.159
12 -1 0 1 0.16
14 -1 0 1 0.161
12 -1 0 1 0.162
12 -1 0 1 0.163
15 -1 0 1 0.164
12 -1 0 1 0.165
12 -1 0 1 0.166
11 -1 0 1 0.167
12 -1 0 1 0.168
10 -1 0 1 0.169
12 -1 0 1 0.17
10 -1 0 1 0.171
11 -1 0 1 0.17200000000000001
11 -1 0 1 0.17300000000000001
13 -1 0 1 0.17400000000000002
10 -1 0 1 0.17500000000000002
13 -1 0 1 0.176
12 -1 0 1 0.177
11 -1 0 1 0.178
13 -1 0 1 0.179
11 -1 0 1 0.18
12 -1 0 1 0.181
11 -1 0 1 0.182
15 -1 0 1 0.183
11 -1 0 1 0.184
13 -1 0 1 0.185
13 -1 0 1 0.186
14 -1 0 1 0.187
10 -1 0 1 0.188
11 -1 0 1 0.189
10 -1 0 1 0.19
12 -1 0 1 0.191
12 -1 0 1 0.192
11 -1 0 1 0.193
12 -1 0 1 0.194
10 -1 0 1 0.195
11 -1 0 1 0.196
10 -1 0 1 0.197
13 -1 0 1 0.198
13 -1 0 1 0.199
11 -1 0 1 0.2
15 -1 0 1 0.201
12 -1 0 1 0.202
12 -1 0 1 0.203
10 -1 0 1 0.20400000000000001
11 -1 0 1 0.20500000000000002
13 -1 0 1 0.20600000000000002
11 -1 0 1 0.20700000000000002
10 -1 0 1 0.20800000000000002
12 -1 0 1 0.209
13 -1 0 1 0.21
12 -1 0 1 0.211
13 -1 0 1 0.212
12 -1 0 1 0.213
11 -1 0 1 0.214
10 -1 0 1 0.215
13 -1 0 1 0.216
12 -1 0 1 0.217
13 -1 0 1 0.218
12 -1 0 1 0.219
13 -1 0 1 0.22
11 -1 0 1 0.221
13 -1 0 1 0.222
9 -1 0 1 0.223
11 -1 0 1 0.224
12 -1 0 1 0.225
13 -1 0 1 0.226
11 -1 0 1 0.227
10 -1 0 1 0.228
11 -1 0 1 0.229
13 -1 0 1 0.23
15 -1 0 1 0.231
10 -1 0 1 0.232
11 -1 0 1 0.233
10 -1 0 1 0.234
12 -1 0 1 0.23500000000000001
13 -1 0 1 0.23600000000000002
11 -1 0 1 0.23700000000000002
13 -1 0 1 0.23800000000000002
13 -1 0 1 0.23900000000000002
12 -1 0 1 0.24
12 -1 0 1 0.241
12 -1 0 1 0.242
11 -1 0 1 0.243
11 -1 0 1 0.244
11 -1 0 1 0.245
11 -1 0 1 0.246
12 -1 0 1 0.247
13 -1 0 1 0.248
11 -1 0 1 0.249
12 -1 0 1 0.25
12 -1 0 1 0.251
11 -1 0 1 0.252
11 -1 0 1 0.253
10 -1 0 1 0.254
11 -1 0 1 0.255
9 -1 0 1 0.256
11 -1 0 1 0.257
12 -1 0 1 0.258
12 -1 0 1 0.259
12 -1 0 1 0.26
13 -1 0 1 0.261
11 -1 0 1 0.262
11 -1 0 1 0.263
11 -1 0 1 0.264
9 -1 0 1 0.265
10 -1 0 1 0.266
10 -1 0 1 0.267
13 -1 0 1 0.268
11 -1 0 1 0.269
13 -1 0 1 0.27
11 -1 0 1 0.271
11 -1 0 1 0.272
10 -1 0 1 0.273
12 -1 0 1 0.274
12 -1 0 1 0.275
10 -1 0 1 0.276
12 -1 0 1 0.277
14 -1 0 1 0.278
11 -1 0 1 0.279
13 -1 0 1 0.28
12 -1 0 1 0.281
10 -1 0 1 0.28200000000000003
12 -1 0 1 0.28300000000000003
11 -1 0 1 0.28400000000000003
12 -1 0 1 0.28500000000000003
9 -1 0 1 0.28600000000000003
12 -1 0 1 0.28700000000000003
11 -1 0 1 0.28800000000000003
13 -1 0 1 0.289
12 -1 0 1 0.29
10 -1 0 1 0.291
10 -1 0 1 0.292
10 -1 0 1 0.293
9 -1 0 1 0.294
11 -1 0 1 0.295
12 -1 0 1 0.296
11 -1 0 1 0.297
14 -1 0 1 0.298
10 -1 0 1 0.299
10 -1 0 1 0.3
11 -1 0 1 0.301
10 -1 0 1 0.302
12 -1 0 1 0.303
9 -1 0 1 0.304
13 -1 0 1 0.305
10 -1 0 1 0.306
12 -1 0 1 0.307
10 -1 0 1 0.308
11 -1 0 1 0.309
12 -1 0 1 0.31
11 -1 0 1 0.311
11 -1 0 1 0.312
12 -1 0 1 0.313
11 -1 0 1 0.314
12 -1 0 1 0.315
12 -1 0 1 0.316
11 -1 0 1 0.317
13 -1 0 1 0.318
12 -1 0 1 0.319
11 -1 0 1 0.32
10 -1 0 1 0.321
14 -1 0 1 0.322
12 -1 0 1 0.323
10 -1 0 1 0.324
13 -1 0 1 0.325
12 -1 0 1 0.326
10 -1 0 1 0.327
12 -1 0 1 0.328
13 -1 0 1 0.329
9 -1 0 1 0.33
11 -1 0 1 0.331
11 -1 0 1 0.332
10 -1 0 1 0.333
12 -1 0 1 0.334
12 -1 0 1 0.335
11 -1 0 1 0.336
13 -1 0 1 0.337
12 -1 0 1 0.338
10 -1 0 1 0.339
12 -1 0 1 0.34
13 -1 0 1 0.341
10 -1 0 1 0.342
12 -1 0 1 0.343
9 -1 0 1 0.34400000000000003
11 -1 0 1 0.34500000000000003
12 -1 0 1 0.34600000000000003
11 -1 0 1 0.34700000000000003
11 -1 0 1 0.34800000000000003
10 -1 0 1 0.34900000000000003
10 -1 0 1 0.35000000000000003
10 -1 0 1 0.35100000000000003
10 -1 0 1 0.352
11 -1 0 1 0.353
13 -1 0 1 0.354
11 -1 0 1 0.355
11 -1 0 1 0.356
14 -1 0 1 0.357
11 -1 0 1 0.358
14 -1 0 1 0.359
11 -1 0 1 0.36
12 -1 0 1 0.361
12 -1 0 1 0.362
11 -1 0 1 0.363
10 -1 0 1 0.364
10 -1 0 1 0.365
12 -1 0 1 0.366
10 -1 0 1 0.367
10 -1 0 1 0.368
14 -1 0 1 0.369
11 -1 0 1 0.37
12 -1 0 1 0.371
12 -1 0 1 0.372
9 -1 0 1 0.373
10 -1 0 1 0.374
11 -1 0 1 0.375
13 -1 0 1 0.376
10 -1 0 1 0.377
11 -1 0 1 0.378
13 -1 0 1 0.379
11 -1 0 1 0.38
11 -1 0 1 0.381
9 -1 0 1 0.382
11 -1 0 1 0.383
11 -1 0 1 0.384
10 -1 0 1 0.385
10 -1 0 1 0.386
13 -1 0 1 0.387
11 -1 0 1 0.388
11 -1 0 1 0.389
12 -1 0 1 0.39
13 -1 0 1 0.391
9 -1 0 1 0.392
9 -1 0 1 0.393
10 -1 0 1 0.394
11 -1 0 1 0.395
11 -1 0 1 0.396
16 -1 0 1 0.397
11 -1 0 1 0.398
10 -1 0 1 0.399
11 -1 0 1 0.4
12 -1 0 1 0.401
10 -1 0 1 0.402
11 -1 0 1 0.403
11 -1 0 1 0.404
11 -1 0 1 0.405
11 -1 0 1 0.406
11 -1 0 1 0.40700000000000003
11 -1 0 1 0.40800000000000003
10 -1 0 1 0.40900000000000003
11 -1 0 1 0.41000000000000003
12 -1 0 1 0.41100000000000003
9 -1 0 1 0.41200000000000003
11 -1 0 1 0.41300000000000003
11 -1 0 1 0.41400000000000003
12 -1 0 1 0.41500000000000004
11 -1 0 1 0.41600000000000004
13 -1 0 1 0.417
10 -1 0 1 0.418
10 -1 0 1 0.419
10 -1 0 1 0.42
11 -1 0 1 0.421
10 -1 0 1 0.422
10 -1 0 1 0.423
11 -1 0 1 0.424
10 -1 0 1 0.425
10 -1 0 1 0.426
11 -1 0 1 0.427
12 -1 0 1 0.428
10 -1 0 1 0.429
12 -1 0 1 0.43
11 -1 0 1 0.431
12 -1 0 1 0.432
9 -1 0 1 0.433
9 -1 0 1 0.434
12 -1 0 1 0.435
13 -1 0 1 0.436
10 -1 0 1 0.437
10 -1 0 1 0.438
11 -1 0 1 0.439
11 -1 0 1 0.44
12 -1 0 1 0.441
10 -1 0 1 0.442
11 -1 0 1 0.443
10 -1 0 1 0.444
11 -1 0 1 0.445
10 -1 0 1 0.446
11 -1 0 1 0.447
10 -1 0 1 0.448
10 -1 0 1 0.449
11 -1 0 1 0.45
11 -1 0 1 0.451
11 -1 0 1 0.452
10 -1 0 1 0.453
11 -1 0 1 0.454
10 -1 0 1 0.455
10 -1 0 1 0.456
12 -1 0 1 0.457
10 -1 0 1 0.458
13 -1 0 1 0.459
11 -1 0 1 0.46
14 -1 0 1 0.461
10 -1 0 1 0.462
10 -1 0 1 0.463
10 -1 0 1 0.464
10 -1 0 1 0.465
10 -1 0 1 0.466
11 -1 0 1 0.467
11 -1 0 1 0.468
14 -1 0 1 0.46900000000000003
11 -1 0 1 0.47000000000000003
10 -1 0 1 0.47100000000000003
11 -1 0 1 0.47200000000000003
11 -1 0 1 0.47300000000000003
12 -1 0 1 0.47400000000000003
9 -1 0 1 0.47500000000000003
11 -1 0 1 0.47600000000000003
10 -1 0 1 0.47700000000000004
10 -1 0 1 0.47800000000000004
10 -1 0 1 0.47900000000000004
13 -1 0 1 0.48
10 -1 0 1 0.481
11 -1 0 1 0.482
11 -1 0 1 0.483
11 -1 0 1 0.484
12 -1 0 1 0.485
9 -1 0 1 0.486
11 -1 0 1 0.487
9 -1 0 1 0.488
9 -1 0 1 0.489
13 -1 0 1 0.49
10 -1 0 1 0.491
9 -1 0 1 0.492
9 -1 0 1 0.493
11 -1 0 1 0.494
12 -1 0 1 0.495
10 -1 0 1 0.496
14 -1 0 1 0.497
12 -1 0 1 0.498
12 -1 0 1 0.499
11 -1 0 1 0.5
10 -1 0 1 0.501
10 -1 0 1 0.502
13 -1 0 1 0.503
10 -1 0 1 0.504
11 -1 0 1 0.505
10 -1 0 1 0.506
10 -1 0 1 0.507
12 -1 0 1 0.508
9 -1 0 1 0.509
11 -1 0 1 0.51
10 -1 0 1 0.511
13 -1 0 1 0.512
10 -1 0 1 0.513
12 -1 0 1 0.514
11 -1 0 1 0.515
9 -1 0 1 0.516
12 -1 0 1 0.517
10 -1 0 1 0.518
11 -1 0 1 0.519
13 -1 0 1 0.52
10 -1 0 1 0.521
12 -1 0 1 0.522
10 -1 0 1 0.523
12 -1 0 1 0.524
11 -1 0 1 0.525
10 -1 0 1 0.526
11 -1 0 1 0.527
9 -1 0 1 0.528
11 -1 0 1 0.529
12 -1 0 1 0.53
11 -1 0 1 0.531
13 -1 0 1 0.532
13 -1 0 1 0.533
12 -1 0 1 0.534
13 -1 0 1 0.535
9 -1 0 1 0.536
10 -1 0 1 0.537
9 -1 0 1 0.538
11 -1 0 1 0.539
14 -1 0 1 0.54
11 -1 0 1 0.541
10 -1 0 1 0.542
11 -1 0 1 0.543
10 -1 0 1 0.544
10 -1 0 1 0.545
11 -1 0 1 0.546
11 -1 0 1 0.547
10 -1 0 1 0.548
12 -1 0 1 0.549
9 -1 0 1 0.55
10 -1 0 1 0.551
10 -1 0 1 0.552
12 -1 0 1 0.553
12 -1 0 1 0.554
10 -1 0 1 0.555
11 -1 0 1 0.556
10 -1 0 1 0.557
11 -1 0 1 0.558
9 -1 0 1 0.559
10 -1 0 1 0.56
11 -1 0 1 0.561
10 -1 0 1 0.562
10 -1 0 1 0.5630000000000001
10 -1 0 1 0.5640000000000001
10 -1 0 1 0.5650000000000001
10 -1 0 1 0.5660000000000001
10 -1 0 1 0.5670000000000001
9 -1 0 1 0.5680000000000001
12 -1 0 1 0.5690000000000001
10 -1 0 1 0.5700000000000001
9 -1 0 1 0.5710000000000001
9 -1 0 1 0.5720000000000001
11 -1 0 1 0.5730000000000001
11 -1 0 1 0.5740000000000001
10 -1 0 1 0.5750000000000001
11 -1 0 1 0.5760000000000001
10 -1 0 1 0.577
12 -1 0 1 0.578
11 -1 0 1 0.579
11 -1 0 1 0.58
14 -1 0 1 0.581
10 -1 0 1 0.582
12 -1 0 1 0.583
10 -1 0 1 0.584
9 -1 0 1 0.585
13 -1 0 1 0.586
10 -1 0 1 0.587
12 -1 0 1 0.588
9 -1 0 1 0.589
9 -1 0 1 0.59
9 -1 0 1 0.591
11 -1 0 1 0.592
9 -1 0 1 0.593
11 -1 0 1 0.594
12 -1 0 1 0.595
12 -1 0 1 0.596
11 -1 0 1 0.597
11 -1 0 1 0.598
13 -1 0 1 0.599
11 -1 0 1 0.6
12 -1 0 1 0.601
10 -1 0 1 0.602
10 -1 0 1 0.603
12 -1 0 1 0.604
11 -1 0 1 0.605
11 -1 0 1 0.606
10 -1 0 1 0.607
12 -1 0 1 0.608
11 -1 0 1 0.609
11 -1 0 1 0.61
12 -1 0 1 0.611
10 -1 0 1 0.612
11 -1 0 1 0.613
9 -1 0 1 0.614
9 -1 0 1 0.615
13 -1 0 1 0.616
10 -1 0 1 0.617
12 -1 0 1 0.618
10 -1 0 1 0.619
10 -1 0 1 0.62
11 -1 0 1 0.621
11 -1 0 1 0.622
11 -1 0 1 0.623
11 -1 0 1 0.624
10 -1 0 1 0.625
10 -1 0 1 0.626
10 -1 0 1 0.627
14 -1 0 1 0.628
9 -1 0 1 0.629
12 -1 0 1 0.63
14 -1 0 1 0.631
13 -1 0 1 0.632
11 -1 0 1 0.633
10 -1 0 1 0.634
11 -1 0 1 0.635
10 -1 0 1 0.636
10 -1 0 1 0.637
11 -1 0 1 0.638
10 -1 0 1 0.639
10 -1 0 1 0.64
9 -1 0 1 0.641
10 -1 0 1 0.642
11 -1 0 1 0.643
11 -1 0 1 0.644
11 -1 0 1 0.645
12 -1 0 1 0.646
10 -1 0 1 0.647
9 -1 0 1 0.648
9 -1 0 1 0.649
9 -1 0 1 0.65
9 -1 0 1 0.651
10 -1 0 1 0.652
14 -1 0 1 0.653
10 -1 0 1 0.654
12 -1 0 1 0.655
10 -1 0 1 0.656
13 -1 0 1 0.657
10 -1 0 1 0.658
11 -1 0 1 0.659
11 -1 0 1 0.66
10 -1 0 1 0.661
10 -1 0 1 0.662
11 -1 0 1 0.663
10 -1 0 1 0.664
9 -1 0 1 0.665
10 -1 0 1 0.666
9 -1 0 1 0.667
10 -1 0 1 0.668
9 -1 0 1 0.669
10 -1 0 1 0.67
10 -1 0 1 0.671
12 -1 0 1 0.672
10 -1 0 1 0.673
10 -1 0 1 0.674
11 -1 0 1 0.675
10 -1 0 1 0.676
11 -1 0 1 0.677
12 -1 0 1 0.678
10 -1 0 1 0.679
11 -1 0 1 0.68
10 -1 0 1 0.681
10 -1 0 1 0.682
11 -1 0 1 0.683
8 -1 0 1 0.684
9 -1 0 1 0.685
13 -1 0 1 0.686
11 -1 0 1 0.687
11 -1 0 1 0.6880000000000001
12 -1 0 1 0.6890000000000001
12 -1 0 1 0.6900000000000001
10 -1 0 1 0.6910000000000001
11 -1 0 1 0.6920000000000001
10 -1 0 1 0.6930000000000001
9 -1 0 1 0.6940000000000001
10 -1 0 1 0.6950000000000001
10 -1 0 1 0.6960000000000001
11 -1 0 1 0.6970000000000001
11 -1 0 1 0.6980000000000001
10 -1 0 1 0.6990000000000001
10 -1 0 1 0.7000000000000001
10 -1 0 1 0.7010000000000001
10 -1 0 1 0.7020000000000001
9 -1 0 1 0.7030000000000001
10 -1 0 1 0.704
9 -1 0 1 0.705
10 -1 0 1 0.706
9 -1 0 1 0.707
10 -1 0 1 0.708
10 -1 0 1 0.709
11 -1 0 1 0.71
10 -1 0 1 0.711
12 -1 0 1 0.712
10 -1 0 1 0.713
10 -1 0 1 0.714
13 -1 0 1 0.715
9 -1 0 1 0.716
12 -1 0 1 0.717
12 -1 0 1 0.718
10 -1 0 1 0.719
9 -1 0 1 0.72
10 -1 0 1 0.721
9 -1 0 1 0.722
9 -1 0 1 0.723
10 -1 0 1 0.724
10 -1 0 1 0.725
11 -1 0 1 0.726
9 -1 0 1 0.727
10 -1 0 1 0.728
12 -1 0 1 0.729
9 -1 0 1 0.73
11 -1 0 1 0.731
10 -1 0 1 0.732
11 -1 0 1 0.733
10 -1 0 1 0.734
10 -1 0 1 0.735
8 -1 0 1 0.736
11 -1 0 1 0.737
10 -1 0 1 0.738
10 -1 0 1 0.739
11 -1 0 1 0.74
10 -1 0 1 0.741
12 -1 0 1 0.742
8 -1 0 1 0.743
11 -1 0 1 0.744
11 -1 0 1 0.745
10 -1 0 1 0.746
11 -1 0 1 0.747
10 -1 0 1 0.748
9 -1 0 1 0.749
10 -1 0 1 0.75
10 -1 0 1 0.751
9 -1 0 1 0.752
9 -1 0 1 0.753
10 -1 0 1 0.754
8 -1 0 1 0.755
13 -1 0 1 0.756
9 -1 0 1 0.757
11 -1 0 1 0.758
11 -1 0 1 0.759
11 -1 0 1 0.76
12 -1 0 1 0.761
10 -1 0 1 0.762
10 -1 0 1 0.763
10 -1 0 1 0.764
9 -1 0 1 0.765
9 -1 0 1 0.766
11 -1 0 1 0.767
10 -1 0 1 0.768
10 -1 0 1 0.769
10 -1 0 1 0.77
10 -1 0 1 0.771
11 -1 0 1 0.772
12 -1 0 1 0.773
10 -1 0 1 0.774
11 -1 0 1 0.775
10 -1 0 1 0.776
12 -1 0 1 0.777
11 -1 0 1 0.778
10 -1 0 1 0.779
10 -1 0 1 0.78
13 -1 0 1 0.781
10 -1 0 1 0.782
12 -1 0 1 0.783
9 -1 0 1 0.784
9 -1 0 1 0.785
10 -1 0 1 0.786
9 -1 0 1 0.787
9 -1 0 1 0.788
11 -1 0 1 0.789
8 -1 0 1 0.79
10 -1 0 1 0.791
10 -1 0 1 0.792
10 -1 0 1 0.793
11 -1 0 1 0.794
10 -1 0 1 0.795
9 -1 0 1 0.796
10 -1 0 1 0.797
10 -1 0 1 0.798
11 -1 0 1 0.799
9 -1 0 1 0.8
10 -1 0 1 0.801
11 -1 0 1 0.802
10 -1 0 1 0.803
9 -1 0 1 0.804
11 -1 0 1 0.805
10 -1 0 1 0.806
10 -1 0 1 0.807
10 -1 0 1 0.808
9 -1 0 1 0.809
10 -1 0 1 0.81
12 -1 0 1 0.811
11 -1 0 1 0.812
11 -1 0 1 0.8130000000000001
10 -1 0 1 0.8140000000000001
10 -1 0 1 0.8150000000000001
10 -1 0 1 0.8160000000000001
9 -1 0 1 0.8170000000000001
9 -1 0 1 0.8180000000000001
11 -1 0 1 0.8190000000000001
11 -1 0 1 0.8200000000000001
11 -1 0 1 0.8210000000000001
10 -1 0 1 0.8220000000000001
11 -1 0 1 0.8230000000000001
12 -1 0 1 0.8240000000000001
9 -1 0 1 0.8250000000000001
10 -1 0 1 0.8260000000000001
9 -1 0 1 0.8270000000000001
10 -1 0 1 0.8280000000000001
11 -1 0 1 0.8290000000000001
9 -1 0 1 0.8300000000000001
10 -1 0 1 0.8310000000000001
10 -1 0 1 0.8320000000000001
9 -1 0 1 0.833
10 -1 0 1 0.834
10 -1 0 1 0.835
10 -1 0 1 0.836
10 -1 0 1 0.837
10 -1 0 1 0.838
11 -1 0 1 0.839
9 -1 0 1 0.84
10 -1 0 1 0.841
9 -1 0 1 0.842
10 -1 0 1 0.843
12 -1 0 1 0.844
12 -1 0 1 0.845
10 -1 0 1 0.846
10 -1 0 1 0.847
10 -1 0 1 0.848
11 -1 0 1 0.849
11 -1 0 1 0.85
9 -1 0 1 0.851
10 -1 0 1 0.852
12 -1 0 1 0.853
10 -1 0 1 0.854
9 -1 0 1 0.855
9 -1 0 1 0.856
10 -1 0 1 0.857
9 -1 0 1 0.858
9 -1 0 1 0.859
11 -1 0 1 0.86
10 -1 0 1 0.861
9 -1 0 1 0.862
11 -1 0 1 0.863
11 -1 0 1 0.864
10 -1 0 1 0.865
9 -1 0 1 0.866
9 -1 0 1 0.867
12 -1 0 1 0.868
15 -1 0 1 0.869
9 -1 0 1 0.87
12 -1 0 1 0.871
9 -1 0 1 0.872
12 -1 0 1 0.873
9 -1 0 1 0.874
10 -1 0 1 0.875
9 -1 0 1 0.876
10 -1 0 1 0.877
12 -1 0 1 0.878
11 -1 0 1 0.879
9 -1 0 1 0.88
11 -1 0 1 0.881
11 -1 0 1 0.882
10 -1 0 1 0.883
11 -1 0 1 0.884
10 -1 0 1 0.885
10 -1 0 1 0.886
9 -1 0 1 0.887
10 -1 0 1 0.888
11 -1 0 1 0.889
10 -1 0 1 0.89
11 -1 0 1 0.891
10 -1 0 1 0.892
11 -1 0 1 0.893
10 -1 0 1 0.894
11 -1 0 1 0.895
11 -1 0 1 0.896
11 -1 0 1 0.897
13 -1 0 1 0.898
11 -1 0 1 0.899
11 -1 0 1 0.9
13 -1 0 1 0.901
11 -1 0 1 0.902
10 -1 0 1 0.903
9 -1 0 1 0.904
10 -1 0 1 0.905
10 -1 0 1 0.906
12 -1 0 1 0.907
9 -1 0 1 0.908
10 -1 0 1 0.909
9 -1 0 1 0.91
11 -1 0 1 0.911
11 -1 0 1 0.912
14 -1 0 1 0.913
10 -1 0 1 0.914
10 -1 0 1 0.915
10 -1 0 1 0.916
10 -1 0 1 0.917
11 -1 0 1 0.918
9 -1 0 1 0.919
9 -1 0 1 0.92
11 -1 0 1 0.921
11 -1 0 1 0.922
10 -1 0 1 0.923
11 -1 0 1 0.924
9 -1 0 1 0.925
9 -1 0 1 0.926
10 -1 0 1 0.927
9 -1 0 1 0.928
13 -1 0 1 0.929
11 -1 0 1 0.93
12 -1 0 1 0.931
10 -1 0 1 0.932
10 -1 0 1 0.933
9 -1 0 1 0.934
10 -1 0 1 0.935
9 -1 0 1 0.936
11 -1 0 1 0.937
9 -1 0 1 0.9380000000000001
10 -1 0 1 0.9390000000000001
10 -1 0 1 0.9400000000000001
10 -1 0 1 0.9410000000000001
10 -1 0 1 0.9420000000000001
10 -1 0 1 0.9430000000000001
9 -1 0 1 0.9440000000000001
10 -1 0 1 0.9450000000000001
9 -1 0 1 0.9460000000000001
11 -1 0 1 0.9470000000000001
10 -1 0 1 0.9480000000000001
10 -1 0 1 0.9490000000000001
10 -1 0 1 0.9500000000000001
12 -1 0 1 0.9510000000000001
12 -1 0 1 0.9520000000000001
10 -1 0 1 0.9530000000000001
13 -1 0 1 0.9540000000000001
9 -1 0 1 0.9550000000000001
11 -1 0 1 0.9560000000000001
11 -1 0 1 0.9570000000000001
10 -1 0 1 0.9580000000000001
12 -1 0 1 0.9590000000000001
11 -1 0 1 0.96
10 -1 0 1 0.961
11 -1 0 1 0.962
14 -1 0 1 0.963
10 -1 0 1 0.964
10 -1 0 1 0.965
10 -1 0 1 0.966
12 -1 0 1 0.967
11 -1 0 1 0.968
11 -1 0 1 0.969
10 -1 0 1 0.97
9 -1 0 1 0.971
11 -1 0 1 0.972
11 -1 0 1 0.973
9 -1 0 1 0.974
10 -1 0 1 0.975
11 -1 0 1 0.976
11 -1 0 1 0.977
10 -1 0 1 0.978
11 -1 0 1 0.979
14 -1 0 1 0.98
11 -1 0 1 0.981
10 -1 0 1 0.982
12 -1 0 1 0.983
11 -1 0 1 0.984
10 -1 0 1 0.985
10 -1 0 1 0.986
11 -1 0 1 0.987
10 -1 0 1 0.988
11 -1 0 1 0.989
10 -1 0 1 0.99
12 -1 0 1 0.991
12 -1 0 1 0.992
13 -1 0 1 0.993
10 -1 0 1 0.994
9 -1 0 1 0.995
11 -1 0 1 0.996
10 -1 0 1 0.997
9 -1 0 1 0.998
10 -1 0 1 0.999
