NoInfectados Infectados Inmunes Nodos Pinfeccion Precuperacion Pinmunidad Iteraciones
300 0 0 0 0.3 0.3 0 1
291 9 0 5 0.3 0.3 0 1
284 16 0 10 0.3 0.3 0 1
279 21 0 15 0.3 0.3 0 1
274 26 0 20 0.3 0.3 0 1
271 29 0 25 0.3 0.3 0 1
260 40 0 30 0.3 0.3 0 1
245 55 0 35 0.3 0.3 0 1
255 45 0 40 0.3 0.3 0 1
247 53 0 45 0.3 0.3 0 1
242 58 0 50 0.3 0.3 0 1
237 63 0 55 0.3 0.3 0 1
233 67 0 60 0.3 0.3 0 1
213 87 0 65 0.3 0.3 0 1
228 72 0 70 0.3 0.3 0 1
213 87 0 75 0.3 0.3 0 1
214 86 0 80 0.3 0.3 0 1
199 101 0 85 0.3 0.3 0 1
205 95 0 90 0.3 0.3 0 1
186 114 0 95 0.3 0.3 0 1
179 121 0 100 0.3 0.3 0 1
203 97 0 105 0.3 0.3 0 1
193 107 0 110 0.3 0.3 0 1
174 126 0 115 0.3 0.3 0 1
171 129 0 120 0.3 0.3 0 1
180 120 0 125 0.3 0.3 0 1
175 125 0 130 0.3 0.3 0 1
166 134 0 135 0.3 0.3 0 1
162 138 0 140 0.3 0.3 0 1
162 138 0 145 0.3 0.3 0 1
300 0 0 0 0.3 0.3 0 6
261 39 0 5 0.3 0.3 0 6
253 47 0 10 0.3 0.3 0 6
264 36 0 15 0.3 0.3 0 6
238 62 0 20 0.3 0.3 0 6
242 58 0 25 0.3 0.3 0 6
215 85 0 30 0.3 0.3 0 6
217 83 0 35 0.3 0.3 0 6
225 75 0 40 0.3 0.3 0 6
217 83 0 45 0.3 0.3 0 6
215 85 0 50 0.3 0.3 0 6
179 121 0 55 0.3 0.3 0 6
201 99 0 60 0.3 0.3 0 6
201 99 0 65 0.3 0.3 0 6
204 96 0 70 0.3 0.3 0 6
196 104 0 75 0.3 0.3 0 6
208 92 0 80 0.3 0.3 0 6
210 90 0 85 0.3 0.3 0 6
168 132 0 90 0.3 0.3 0 6
183 117 0 95 0.3 0.3 0 6
190 110 0 100 0.3 0.3 0 6
194 106 0 105 0.3 0.3 0 6
162 138 0 110 0.3 0.3 0 6
191 109 0 115 0.3 0.3 0 6
194 106 0 120 0.3 0.3 0 6
170 130 0 125 0.3 0.3 0 6
167 133 0 130 0.3 0.3 0 6
192 108 0 135 0.3 0.3 0 6
176 124 0 140 0.3 0.3 0 6
172 128 0 145 0.3 0.3 0 6
300 0 0 0 0.3 0.3 0 11
266 34 0 5 0.3 0.3 0 11
209 91 0 10 0.3 0.3 0 11
258 42 0 15 0.3 0.3 0 11
203 97 0 20 0.3 0.3 0 11
205 95 0 25 0.3 0.3 0 11
194 106 0 30 0.3 0.3 0 11
193 107 0 35 0.3 0.3 0 11
177 123 0 40 0.3 0.3 0 11
199 101 0 45 0.3 0.3 0 11
191 109 0 50 0.3 0.3 0 11
211 89 0 55 0.3 0.3 0 11
183 117 0 60 0.3 0.3 0 11
191 109 0 65 0.3 0.3 0 11
201 99 0 70 0.3 0.3 0 11
189 111 0 75 0.3 0.3 0 11
172 128 0 80 0.3 0.3 0 11
154 146 0 85 0.3 0.3 0 11
204 96 0 90 0.3 0.3 0 11
182 118 0 95 0.3 0.3 0 11
172 128 0 100 0.3 0.3 0 11
168 132 0 105 0.3 0.3 0 11
192 108 0 110 0.3 0.3 0 11
189 111 0 115 0.3 0.3 0 11
147 153 0 120 0.3 0.3 0 11
182 118 0 125 0.3 0.3 0 11
171 129 0 130 0.3 0.3 0 11
183 117 0 135 0.3 0.3 0 11
183 117 0 140 0.3 0.3 0 11
183 117 0 145 0.3 0.3 0 11
300 0 0 0 0.3 0.3 0 16
243 57 0 5 0.3 0.3 0 16
192 108 0 10 0.3 0.3 0 16
212 88 0 15 0.3 0.3 0 16
200 100 0 20 0.3 0.3 0 16
183 117 0 25 0.3 0.3 0 16
194 106 0 30 0.3 0.3 0 16
187 113 0 35 0.3 0.3 0 16
202 98 0 40 0.3 0.3 0 16
198 102 0 45 0.3 0.3 0 16
174 126 0 50 0.3 0.3 0 16
200 100 0 55 0.3 0.3 0 16
205 95 0 60 0.3 0.3 0 16
182 118 0 65 0.3 0.3 0 16
175 125 0 70 0.3 0.3 0 16
184 116 0 75 0.3 0.3 0 16
188 112 0 80 0.3 0.3 0 16
196 104 0 85 0.3 0.3 0 16
193 107 0 90 0.3 0.3 0 16
171 129 0 95 0.3 0.3 0 16
197 103 0 100 0.3 0.3 0 16
204 96 0 105 0.3 0.3 0 16
194 106 0 110 0.3 0.3 0 16
176 124 0 115 0.3 0.3 0 16
176 124 0 120 0.3 0.3 0 16
181 119 0 125 0.3 0.3 0 16
177 123 0 130 0.3 0.3 0 16
165 135 0 135 0.3 0.3 0 16
189 111 0 140 0.3 0.3 0 16
168 132 0 145 0.3 0.3 0 16
300 0 0 0 0.3 0.3 0 21
195 105 0 5 0.3 0.3 0 21
210 90 0 10 0.3 0.3 0 21
188 112 0 15 0.3 0.3 0 21
190 110 0 20 0.3 0.3 0 21
184 116 0 25 0.3 0.3 0 21
198 102 0 30 0.3 0.3 0 21
189 111 0 35 0.3 0.3 0 21
172 128 0 40 0.3 0.3 0 21
188 112 0 45 0.3 0.3 0 21
171 129 0 50 0.3 0.3 0 21
194 106 0 55 0.3 0.3 0 21
195 105 0 60 0.3 0.3 0 21
185 115 0 65 0.3 0.3 0 21
174 126 0 70 0.3 0.3 0 21
173 127 0 75 0.3 0.3 0 21
186 114 0 80 0.3 0.3 0 21
169 131 0 85 0.3 0.3 0 21
194 106 0 90 0.3 0.3 0 21
196 104 0 95 0.3 0.3 0 21
175 125 0 100 0.3 0.3 0 21
173 127 0 105 0.3 0.3 0 21
175 125 0 110 0.3 0.3 0 21
193 107 0 115 0.3 0.3 0 21
184 116 0 120 0.3 0.3 0 21
184 116 0 125 0.3 0.3 0 21
175 125 0 130 0.3 0.3 0 21
177 123 0 135 0.3 0.3 0 21
185 115 0 140 0.3 0.3 0 21
176 124 0 145 0.3 0.3 0 21
300 0 0 0 0.3 0.3 0 26
190 110 0 5 0.3 0.3 0 26
182 118 0 10 0.3 0.3 0 26
183 117 0 15 0.3 0.3 0 26
186 114 0 20 0.3 0.3 0 26
169 131 0 25 0.3 0.3 0 26
184 116 0 30 0.3 0.3 0 26
197 103 0 35 0.3 0.3 0 26
192 108 0 40 0.3 0.3 0 26
172 128 0 45 0.3 0.3 0 26
197 103 0 50 0.3 0.3 0 26
173 127 0 55 0.3 0.3 0 26
183 117 0 60 0.3 0.3 0 26
175 125 0 65 0.3 0.3 0 26
186 114 0 70 0.3 0.3 0 26
190 110 0 75 0.3 0.3 0 26
169 131 0 80 0.3 0.3 0 26
184 116 0 85 0.3 0.3 0 26
183 117 0 90 0.3 0.3 0 26
196 104 0 95 0.3 0.3 0 26
162 138 0 100 0.3 0.3 0 26
203 97 0 105 0.3 0.3 0 26
187 113 0 110 0.3 0.3 0 26
184 116 0 115 0.3 0.3 0 26
202 98 0 120 0.3 0.3 0 26
183 117 0 125 0.3 0.3 0 26
189 111 0 130 0.3 0.3 0 26
203 97 0 135 0.3 0.3 0 26
198 102 0 140 0.3 0.3 0 26
185 115 0 145 0.3 0.3 0 26
300 0 0 0 0.3 0.3 0 31
185 115 0 5 0.3 0.3 0 31
193 107 0 10 0.3 0.3 0 31
172 128 0 15 0.3 0.3 0 31
164 136 0 20 0.3 0.3 0 31
193 107 0 25 0.3 0.3 0 31
179 121 0 30 0.3 0.3 0 31
190 110 0 35 0.3 0.3 0 31
183 117 0 40 0.3 0.3 0 31
190 110 0 45 0.3 0.3 0 31
208 92 0 50 0.3 0.3 0 31
183 117 0 55 0.3 0.3 0 31
194 106 0 60 0.3 0.3 0 31
209 91 0 65 0.3 0.3 0 31
181 119 0 70 0.3 0.3 0 31
205 95 0 75 0.3 0.3 0 31
182 118 0 80 0.3 0.3 0 31
181 119 0 85 0.3 0.3 0 31
192 108 0 90 0.3 0.3 0 31
185 115 0 95 0.3 0.3 0 31
185 115 0 100 0.3 0.3 0 31
182 118 0 105 0.3 0.3 0 31
187 113 0 110 0.3 0.3 0 31
186 114 0 115 0.3 0.3 0 31
178 122 0 120 0.3 0.3 0 31
198 102 0 125 0.3 0.3 0 31
181 119 0 130 0.3 0.3 0 31
189 111 0 135 0.3 0.3 0 31
211 89 0 140 0.3 0.3 0 31
195 105 0 145 0.3 0.3 0 31
300 0 0 0 0.3 0.3 0 36
189 111 0 5 0.3 0.3 0 36
168 132 0 10 0.3 0.3 0 36
199 101 0 15 0.3 0.3 0 36
176 124 0 20 0.3 0.3 0 36
172 128 0 25 0.3 0.3 0 36
176 124 0 30 0.3 0.3 0 36
186 114 0 35 0.3 0.3 0 36
185 115 0 40 0.3 0.3 0 36
179 121 0 45 0.3 0.3 0 36
168 132 0 50 0.3 0.3 0 36
199 101 0 55 0.3 0.3 0 36
169 131 0 60 0.3 0.3 0 36
184 116 0 65 0.3 0.3 0 36
169 131 0 70 0.3 0.3 0 36
182 118 0 75 0.3 0.3 0 36
193 107 0 80 0.3 0.3 0 36
198 102 0 85 0.3 0.3 0 36
199 101 0 90 0.3 0.3 0 36
194 106 0 95 0.3 0.3 0 36
176 124 0 100 0.3 0.3 0 36
191 109 0 105 0.3 0.3 0 36
186 114 0 110 0.3 0.3 0 36
204 96 0 115 0.3 0.3 0 36
187 113 0 120 0.3 0.3 0 36
164 136 0 125 0.3 0.3 0 36
169 131 0 130 0.3 0.3 0 36
193 107 0 135 0.3 0.3 0 36
200 100 0 140 0.3 0.3 0 36
178 122 0 145 0.3 0.3 0 36
300 0 0 0 0.3 0.3 0 41
167 133 0 5 0.3 0.3 0 41
184 116 0 10 0.3 0.3 0 41
185 115 0 15 0.3 0.3 0 41
194 106 0 20 0.3 0.3 0 41
185 115 0 25 0.3 0.3 0 41
190 110 0 30 0.3 0.3 0 41
176 124 0 35 0.3 0.3 0 41
182 118 0 40 0.3 0.3 0 41
173 127 0 45 0.3 0.3 0 41
154 146 0 50 0.3 0.3 0 41
183 117 0 55 0.3 0.3 0 41
205 95 0 60 0.3 0.3 0 41
205 95 0 65 0.3 0.3 0 41
184 116 0 70 0.3 0.3 0 41
175 125 0 75 0.3 0.3 0 41
188 112 0 80 0.3 0.3 0 41
206 94 0 85 0.3 0.3 0 41
173 127 0 90 0.3 0.3 0 41
189 111 0 95 0.3 0.3 0 41
166 134 0 100 0.3 0.3 0 41
163 137 0 105 0.3 0.3 0 41
186 114 0 110 0.3 0.3 0 41
189 111 0 115 0.3 0.3 0 41
196 104 0 120 0.3 0.3 0 41
184 116 0 125 0.3 0.3 0 41
193 107 0 130 0.3 0.3 0 41
174 126 0 135 0.3 0.3 0 41
184 116 0 140 0.3 0.3 0 41
181 119 0 145 0.3 0.3 0 41
300 0 0 0 0.3 0.3 0 46
158 142 0 5 0.3 0.3 0 46
210 90 0 10 0.3 0.3 0 46
212 88 0 15 0.3 0.3 0 46
169 131 0 20 0.3 0.3 0 46
199 101 0 25 0.3 0.3 0 46
171 129 0 30 0.3 0.3 0 46
170 130 0 35 0.3 0.3 0 46
180 120 0 40 0.3 0.3 0 46
182 118 0 45 0.3 0.3 0 46
197 103 0 50 0.3 0.3 0 46
190 110 0 55 0.3 0.3 0 46
184 116 0 60 0.3 0.3 0 46
180 120 0 65 0.3 0.3 0 46
179 121 0 70 0.3 0.3 0 46
173 127 0 75 0.3 0.3 0 46
188 112 0 80 0.3 0.3 0 46
188 112 0 85 0.3 0.3 0 46
175 125 0 90 0.3 0.3 0 46
188 112 0 95 0.3 0.3 0 46
188 112 0 100 0.3 0.3 0 46
208 92 0 105 0.3 0.3 0 46
209 91 0 110 0.3 0.3 0 46
193 107 0 115 0.3 0.3 0 46
170 130 0 120 0.3 0.3 0 46
191 109 0 125 0.3 0.3 0 46
193 107 0 130 0.3 0.3 0 46
181 119 0 135 0.3 0.3 0 46
194 106 0 140 0.3 0.3 0 46
182 118 0 145 0.3 0.3 0 46
300 0 0 0 0.3 0.3 0 51
187 113 0 5 0.3 0.3 0 51
168 132 0 10 0.3 0.3 0 51
173 127 0 15 0.3 0.3 0 51
178 122 0 20 0.3 0.3 0 51
172 128 0 25 0.3 0.3 0 51
177 123 0 30 0.3 0.3 0 51
191 109 0 35 0.3 0.3 0 51
169 131 0 40 0.3 0.3 0 51
191 109 0 45 0.3 0.3 0 51
166 134 0 50 0.3 0.3 0 51
213 87 0 55 0.3 0.3 0 51
175 125 0 60 0.3 0.3 0 51
182 118 0 65 0.3 0.3 0 51
204 96 0 70 0.3 0.3 0 51
176 124 0 75 0.3 0.3 0 51
174 126 0 80 0.3 0.3 0 51
196 104 0 85 0.3 0.3 0 51
186 114 0 90 0.3 0.3 0 51
187 113 0 95 0.3 0.3 0 51
207 93 0 100 0.3 0.3 0 51
191 109 0 105 0.3 0.3 0 51
179 121 0 110 0.3 0.3 0 51
181 119 0 115 0.3 0.3 0 51
216 84 0 120 0.3 0.3 0 51
199 101 0 125 0.3 0.3 0 51
181 119 0 130 0.3 0.3 0 51
195 105 0 135 0.3 0.3 0 51
184 116 0 140 0.3 0.3 0 51
168 132 0 145 0.3 0.3 0 51
300 0 0 0 0.3 0.3 0 56
204 96 0 5 0.3 0.3 0 56
195 105 0 10 0.3 0.3 0 56
196 104 0 15 0.3 0.3 0 56
181 119 0 20 0.3 0.3 0 56
177 123 0 25 0.3 0.3 0 56
177 123 0 30 0.3 0.3 0 56
196 104 0 35 0.3 0.3 0 56
194 106 0 40 0.3 0.3 0 56
192 108 0 45 0.3 0.3 0 56
181 119 0 50 0.3 0.3 0 56
183 117 0 55 0.3 0.3 0 56
157 143 0 60 0.3 0.3 0 56
190 110 0 65 0.3 0.3 0 56
197 103 0 70 0.3 0.3 0 56
181 119 0 75 0.3 0.3 0 56
175 125 0 80 0.3 0.3 0 56
188 112 0 85 0.3 0.3 0 56
172 128 0 90 0.3 0.3 0 56
185 115 0 95 0.3 0.3 0 56
192 108 0 100 0.3 0.3 0 56
193 107 0 105 0.3 0.3 0 56
192 108 0 110 0.3 0.3 0 56
191 109 0 115 0.3 0.3 0 56
177 123 0 120 0.3 0.3 0 56
191 109 0 125 0.3 0.3 0 56
175 125 0 130 0.3 0.3 0 56
177 123 0 135 0.3 0.3 0 56
196 104 0 140 0.3 0.3 0 56
167 133 0 145 0.3 0.3 0 56
300 0 0 0 0.3 0.3 0 61
183 117 0 5 0.3 0.3 0 61
174 126 0 10 0.3 0.3 0 61
191 109 0 15 0.3 0.3 0 61
187 113 0 20 0.3 0.3 0 61
184 116 0 25 0.3 0.3 0 61
191 109 0 30 0.3 0.3 0 61
201 99 0 35 0.3 0.3 0 61
192 108 0 40 0.3 0.3 0 61
177 123 0 45 0.3 0.3 0 61
180 120 0 50 0.3 0.3 0 61
187 113 0 55 0.3 0.3 0 61
171 129 0 60 0.3 0.3 0 61
177 123 0 65 0.3 0.3 0 61
186 114 0 70 0.3 0.3 0 61
172 128 0 75 0.3 0.3 0 61
187 113 0 80 0.3 0.3 0 61
173 127 0 85 0.3 0.3 0 61
166 134 0 90 0.3 0.3 0 61
172 128 0 95 0.3 0.3 0 61
191 109 0 100 0.3 0.3 0 61
189 111 0 105 0.3 0.3 0 61
187 113 0 110 0.3 0.3 0 61
182 118 0 115 0.3 0.3 0 61
200 100 0 120 0.3 0.3 0 61
178 122 0 125 0.3 0.3 0 61
179 121 0 130 0.3 0.3 0 61
193 107 0 135 0.3 0.3 0 61
183 117 0 140 0.3 0.3 0 61
163 137 0 145 0.3 0.3 0 61
300 0 0 0 0.3 0.3 0 66
172 128 0 5 0.3 0.3 0 66
172 128 0 10 0.3 0.3 0 66
185 115 0 15 0.3 0.3 0 66
195 105 0 20 0.3 0.3 0 66
194 106 0 25 0.3 0.3 0 66
193 107 0 30 0.3 0.3 0 66
186 114 0 35 0.3 0.3 0 66
194 106 0 40 0.3 0.3 0 66
184 116 0 45 0.3 0.3 0 66
201 99 0 50 0.3 0.3 0 66
172 128 0 55 0.3 0.3 0 66
182 118 0 60 0.3 0.3 0 66
176 124 0 65 0.3 0.3 0 66
188 112 0 70 0.3 0.3 0 66
151 149 0 75 0.3 0.3 0 66
172 128 0 80 0.3 0.3 0 66
181 119 0 85 0.3 0.3 0 66
171 129 0 90 0.3 0.3 0 66
177 123 0 95 0.3 0.3 0 66
180 120 0 100 0.3 0.3 0 66
177 123 0 105 0.3 0.3 0 66
166 134 0 110 0.3 0.3 0 66
197 103 0 115 0.3 0.3 0 66
192 108 0 120 0.3 0.3 0 66
187 113 0 125 0.3 0.3 0 66
194 106 0 130 0.3 0.3 0 66
180 120 0 135 0.3 0.3 0 66
171 129 0 140 0.3 0.3 0 66
189 111 0 145 0.3 0.3 0 66
300 0 0 0 0.3 0.3 0 71
177 123 0 5 0.3 0.3 0 71
177 123 0 10 0.3 0.3 0 71
187 113 0 15 0.3 0.3 0 71
188 112 0 20 0.3 0.3 0 71
182 118 0 25 0.3 0.3 0 71
178 122 0 30 0.3 0.3 0 71
161 139 0 35 0.3 0.3 0 71
183 117 0 40 0.3 0.3 0 71
195 105 0 45 0.3 0.3 0 71
193 107 0 50 0.3 0.3 0 71
192 108 0 55 0.3 0.3 0 71
181 119 0 60 0.3 0.3 0 71
183 117 0 65 0.3 0.3 0 71
175 125 0 70 0.3 0.3 0 71
208 92 0 75 0.3 0.3 0 71
178 122 0 80 0.3 0.3 0 71
194 106 0 85 0.3 0.3 0 71
193 107 0 90 0.3 0.3 0 71
197 103 0 95 0.3 0.3 0 71
213 87 0 100 0.3 0.3 0 71
189 111 0 105 0.3 0.3 0 71
188 112 0 110 0.3 0.3 0 71
175 125 0 115 0.3 0.3 0 71
189 111 0 120 0.3 0.3 0 71
174 126 0 125 0.3 0.3 0 71
183 117 0 130 0.3 0.3 0 71
188 112 0 135 0.3 0.3 0 71
197 103 0 140 0.3 0.3 0 71
173 127 0 145 0.3 0.3 0 71
300 0 0 0 0.3 0.3 0 76
173 127 0 5 0.3 0.3 0 76
194 106 0 10 0.3 0.3 0 76
210 90 0 15 0.3 0.3 0 76
157 143 0 20 0.3 0.3 0 76
189 111 0 25 0.3 0.3 0 76
172 128 0 30 0.3 0.3 0 76
191 109 0 35 0.3 0.3 0 76
180 120 0 40 0.3 0.3 0 76
178 122 0 45 0.3 0.3 0 76
192 108 0 50 0.3 0.3 0 76
174 126 0 55 0.3 0.3 0 76
203 97 0 60 0.3 0.3 0 76
186 114 0 65 0.3 0.3 0 76
173 127 0 70 0.3 0.3 0 76
179 121 0 75 0.3 0.3 0 76
164 136 0 80 0.3 0.3 0 76
190 110 0 85 0.3 0.3 0 76
193 107 0 90 0.3 0.3 0 76
179 121 0 95 0.3 0.3 0 76
190 110 0 100 0.3 0.3 0 76
193 107 0 105 0.3 0.3 0 76
182 118 0 110 0.3 0.3 0 76
183 117 0 115 0.3 0.3 0 76
164 136 0 120 0.3 0.3 0 76
189 111 0 125 0.3 0.3 0 76
165 135 0 130 0.3 0.3 0 76
186 114 0 135 0.3 0.3 0 76
173 127 0 140 0.3 0.3 0 76
193 107 0 145 0.3 0.3 0 76
300 0 0 0 0.3 0.3 0 81
176 124 0 5 0.3 0.3 0 81
170 130 0 10 0.3 0.3 0 81
169 131 0 15 0.3 0.3 0 81
183 117 0 20 0.3 0.3 0 81
195 105 0 25 0.3 0.3 0 81
158 142 0 30 0.3 0.3 0 81
179 121 0 35 0.3 0.3 0 81
189 111 0 40 0.3 0.3 0 81
186 114 0 45 0.3 0.3 0 81
181 119 0 50 0.3 0.3 0 81
179 121 0 55 0.3 0.3 0 81
178 122 0 60 0.3 0.3 0 81
165 135 0 65 0.3 0.3 0 81
175 125 0 70 0.3 0.3 0 81
184 116 0 75 0.3 0.3 0 81
174 126 0 80 0.3 0.3 0 81
178 122 0 85 0.3 0.3 0 81
181 119 0 90 0.3 0.3 0 81
150 150 0 95 0.3 0.3 0 81
192 108 0 100 0.3 0.3 0 81
189 111 0 105 0.3 0.3 0 81
171 129 0 110 0.3 0.3 0 81
186 114 0 115 0.3 0.3 0 81
171 129 0 120 0.3 0.3 0 81
181 119 0 125 0.3 0.3 0 81
192 108 0 130 0.3 0.3 0 81
175 125 0 135 0.3 0.3 0 81
173 127 0 140 0.3 0.3 0 81
189 111 0 145 0.3 0.3 0 81
300 0 0 0 0.3 0.3 0 86
193 107 0 5 0.3 0.3 0 86
195 105 0 10 0.3 0.3 0 86
195 105 0 15 0.3 0.3 0 86
169 131 0 20 0.3 0.3 0 86
186 114 0 25 0.3 0.3 0 86
175 125 0 30 0.3 0.3 0 86
173 127 0 35 0.3 0.3 0 86
165 135 0 40 0.3 0.3 0 86
179 121 0 45 0.3 0.3 0 86
179 121 0 50 0.3 0.3 0 86
197 103 0 55 0.3 0.3 0 86
210 90 0 60 0.3 0.3 0 86
206 94 0 65 0.3 0.3 0 86
181 119 0 70 0.3 0.3 0 86
196 104 0 75 0.3 0.3 0 86
204 96 0 80 0.3 0.3 0 86
180 120 0 85 0.3 0.3 0 86
179 121 0 90 0.3 0.3 0 86
182 118 0 95 0.3 0.3 0 86
186 114 0 100 0.3 0.3 0 86
177 123 0 105 0.3 0.3 0 86
196 104 0 110 0.3 0.3 0 86
178 122 0 115 0.3 0.3 0 86
193 107 0 120 0.3 0.3 0 86
186 114 0 125 0.3 0.3 0 86
209 91 0 130 0.3 0.3 0 86
180 120 0 135 0.3 0.3 0 86
175 125 0 140 0.3 0.3 0 86
176 124 0 145 0.3 0.3 0 86
300 0 0 0 0.3 0.3 0 91
161 139 0 5 0.3 0.3 0 91
177 123 0 10 0.3 0.3 0 91
169 131 0 15 0.3 0.3 0 91
179 121 0 20 0.3 0.3 0 91
183 117 0 25 0.3 0.3 0 91
188 112 0 30 0.3 0.3 0 91
196 104 0 35 0.3 0.3 0 91
193 107 0 40 0.3 0.3 0 91
181 119 0 45 0.3 0.3 0 91
180 120 0 50 0.3 0.3 0 91
170 130 0 55 0.3 0.3 0 91
172 128 0 60 0.3 0.3 0 91
191 109 0 65 0.3 0.3 0 91
171 129 0 70 0.3 0.3 0 91
192 108 0 75 0.3 0.3 0 91
191 109 0 80 0.3 0.3 0 91
179 121 0 85 0.3 0.3 0 91
174 126 0 90 0.3 0.3 0 91
193 107 0 95 0.3 0.3 0 91
193 107 0 100 0.3 0.3 0 91
186 114 0 105 0.3 0.3 0 91
174 126 0 110 0.3 0.3 0 91
183 117 0 115 0.3 0.3 0 91
177 123 0 120 0.3 0.3 0 91
184 116 0 125 0.3 0.3 0 91
168 132 0 130 0.3 0.3 0 91
175 125 0 135 0.3 0.3 0 91
184 116 0 140 0.3 0.3 0 91
197 103 0 145 0.3 0.3 0 91
300 0 0 0 0.3 0.3 0 96
192 108 0 5 0.3 0.3 0 96
195 105 0 10 0.3 0.3 0 96
190 110 0 15 0.3 0.3 0 96
183 117 0 20 0.3 0.3 0 96
180 120 0 25 0.3 0.3 0 96
182 118 0 30 0.3 0.3 0 96
176 124 0 35 0.3 0.3 0 96
178 122 0 40 0.3 0.3 0 96
183 117 0 45 0.3 0.3 0 96
173 127 0 50 0.3 0.3 0 96
182 118 0 55 0.3 0.3 0 96
182 118 0 60 0.3 0.3 0 96
197 103 0 65 0.3 0.3 0 96
179 121 0 70 0.3 0.3 0 96
180 120 0 75 0.3 0.3 0 96
181 119 0 80 0.3 0.3 0 96
167 133 0 85 0.3 0.3 0 96
178 122 0 90 0.3 0.3 0 96
182 118 0 95 0.3 0.3 0 96
189 111 0 100 0.3 0.3 0 96
165 135 0 105 0.3 0.3 0 96
188 112 0 110 0.3 0.3 0 96
195 105 0 115 0.3 0.3 0 96
202 98 0 120 0.3 0.3 0 96
196 104 0 125 0.3 0.3 0 96
213 87 0 130 0.3 0.3 0 96
174 126 0 135 0.3 0.3 0 96
174 126 0 140 0.3 0.3 0 96
179 121 0 145 0.3 0.3 0 96
